log_age	Z	fraccion_M_star
5.00	0.004	0.999265331082168
5.48	0.004	0.9992477623909846
5.70	0.004	0.9992307896119665
5.85	0.004	0.9992148172924192
6.00	0.004	0.99919047369232
6.10	0.004	0.9991614784837458
6.18	0.004	0.9991387824241975
6.24	0.004	0.9991133039056099
6.30	0.004	0.9990674555203873
6.35	0.004	0.9990258154651002
6.40	0.004	0.998909721331897
6.44	0.004	0.9986912585632017
6.48	0.004	0.9985159422830724
6.51	0.004	0.9982809725366854
6.54	0.004	0.9976443411468663
6.57	0.004	0.9969334817036541
6.60	0.004	0.9957601491946731
6.63	0.004	0.9947197901514838
6.65	0.004	0.994171992252164
6.68	0.004	0.9932973615858984
6.70	0.004	0.992666367009441
6.72	0.004	0.9920277260057374
6.74	0.004	0.9911089380894452
6.76	0.004	0.9903871691877558
6.78	0.004	0.989884753459025
6.81	0.004	0.9885701085972539
6.85	0.004	0.9872433808254675
6.86	0.004	0.9870549100008994
6.88	0.004	0.9862854208967229
6.89	0.004	0.9858907178638053
6.90	0.004	0.9856909037159557
6.92	0.004	0.9848722353570176
6.93	0.004	0.9844512485001006
6.94	0.004	0.984021932788424
6.95	0.004	0.9835840626213336
6.97	0.004	0.9826806995426869
6.98	0.004	0.9822143304084537
6.99	0.004	0.9814951838142931
7.00	0.004	0.9810020118040476
7.04	0.004	0.9789962922873836
7.08	0.004	0.9774666207104861
7.11	0.004	0.9760450951516642
7.15	0.004	0.9740726958049722
7.18	0.004	0.9723518661675874
7.20	0.004	0.9714293121547606
7.23	0.004	0.9700016166925516
7.26	0.004	0.9685530834167532
7.28	0.004	0.9674505399370553
7.30	0.004	0.9663322995931413
7.34	0.004	0.9640947453686836
7.38	0.004	0.962241588459314
7.41	0.004	0.9607387759585644
7.45	0.004	0.958515860106619
7.48	0.004	0.9567206991731135
7.51	0.004	0.9547228057739673
7.53	0.004	0.9533436256736159
7.56	0.004	0.9514170175362436
7.58	0.004	0.9503102004034983
7.60	0.004	0.9491414667884863
7.62	0.004	0.9479105550833224
7.64	0.004	0.9466160058801218
7.66	0.004	0.945321388239791
7.68	0.004	0.9438960616897103
7.70	0.004	0.9424664293819931
7.74	0.004	0.9392635924811079
7.78	0.004	0.9363819795455826
7.81	0.004	0.9342336662806477
7.85	0.004	0.9311498146244997
7.87	0.004	0.9295111574030209
7.90	0.004	0.9271264400385191
7.93	0.004	0.9255569441893814
7.95	0.004	0.9239701125477214
7.98	0.004	0.921447008137606
8.00	0.004	0.9196796886727265
8.30	0.004	0.8918287723213322
8.48	0.004	0.8739774124425136
8.60	0.004	0.8590617610733308
8.70	0.004	0.8477192572339504
8.78	0.004	0.8372403877090636
8.85	0.004	0.828532426620801
8.90	0.004	0.8219422251294632
8.95	0.004	0.8148189947651601
9.00	0.004	0.8071176299880358
9.18	0.004	0.7557092037624491
9.30	0.004	0.7336987017828168
9.40	0.004	0.7165876143998376
9.48	0.004	0.701811188426295
9.54	0.004	0.7014738453666846
9.60	0.004	0.6914946610806562
9.65	0.004	0.6827890747359111
9.70	0.004	0.6744086958082117
9.74	0.004	0.6674242268574831
9.78	0.004	0.6601347231162996
9.81	0.004	0.6547840345847483
9.85	0.004	0.6474628298158016
9.90	0.004	0.6378876019399244
9.95	0.004	0.6282308495857301
10.00	0.004	0.6188897174455558
10.04	0.004	0.611079665141259
10.08	0.004	0.602969846227543
10.11	0.004	0.5968438878057282
10.12	0.004	0.5949311742288632
10.13	0.004	0.5929991307805234
10.14	0.004	0.5910493077960859
10.15	0.004	0.5890847396998505
10.18	0.004	0.583067431736463
5.00	0.008	0.9992610177950701
5.48	0.008	0.999234656643272
5.70	0.008	0.9992056627201251
5.85	0.008	0.9991759249261986
6.00	0.008	0.9991301019600792
6.10	0.008	0.9990791317903035
6.18	0.008	0.9990406786286908
6.24	0.008	0.998997165674934
6.30	0.008	0.9989040924207225
6.35	0.008	0.9988207157666081
6.40	0.008	0.9986353954758066
6.44	0.008	0.9983862915261377
6.48	0.008	0.9981779677864088
6.51	0.008	0.9979274136554983
6.54	0.008	0.9971898502295317
6.57	0.008	0.9964784649989195
6.60	0.008	0.9953842532553016
6.63	0.008	0.9943911465076013
6.65	0.008	0.9937735239803053
6.68	0.008	0.9927252905625339
6.70	0.008	0.992009881019872
6.72	0.008	0.991368334392633
6.74	0.008	0.9905321449796793
6.76	0.008	0.9897661335795673
6.78	0.008	0.9892189509038546
6.81	0.008	0.988028233687221
6.85	0.008	0.9868283569028857
6.86	0.008	0.9866268635128831
6.88	0.008	0.9858018010189193
6.89	0.008	0.985377549069689
6.90	0.008	0.9851621440410487
6.92	0.008	0.9842782932094098
6.93	0.008	0.9838222274994908
6.94	0.008	0.9833561229991563
6.95	0.008	0.9828794915735024
6.97	0.008	0.981892814919935
6.98	0.008	0.9813816881516582
6.99	0.008	0.9805908595241378
7.00	0.008	0.980046825783672
7.04	0.008	0.978424391813123
7.08	0.008	0.9768853376460858
7.11	0.008	0.9754576000911632
7.15	0.008	0.9734805546894315
7.18	0.008	0.9718561732966071
7.20	0.008	0.9710220140619205
7.23	0.008	0.9695784077576127
7.26	0.008	0.9681139119522106
7.28	0.008	0.9669991735123711
7.30	0.008	0.9658689029496643
7.34	0.008	0.963749416498963
7.38	0.008	0.9618548972933931
7.41	0.008	0.9603167287237365
7.45	0.008	0.9580386878343137
7.48	0.008	0.9561967791169687
7.51	0.008	0.9541440653498184
7.53	0.008	0.9527255387243907
7.56	0.008	0.9509925910868536
7.58	0.008	0.9499076234609158
7.60	0.008	0.9487636851324667
7.62	0.008	0.9475607424034156
7.64	0.008	0.946296772073327
7.66	0.008	0.9450340119799104
7.68	0.008	0.9436458657895326
7.70	0.008	0.9422563231845568
7.74	0.008	0.9391496596958787
7.78	0.008	0.9364078454609179
7.81	0.008	0.9343630056227334
7.85	0.008	0.931437851026768
7.87	0.008	0.9298886069212181
7.90	0.008	0.9275613461302813
7.93	0.008	0.9254368152231618
7.95	0.008	0.9239610194088005
7.98	0.008	0.9223305202567058
8.00	0.008	0.9206964609851851
8.30	0.008	0.8941162489902253
8.48	0.008	0.8785860029727908
8.60	0.008	0.8651525067170813
8.70	0.008	0.8541360178361495
8.78	0.008	0.8449185014903489
8.85	0.008	0.8358585151801591
8.90	0.008	0.8295636492640153
8.95	0.008	0.8229896441350217
9.00	0.008	0.815892161844059
9.18	0.008	0.7673029593757149
9.30	0.008	0.7422623972140634
9.40	0.008	0.7255774086688568
9.48	0.008	0.7115029919473381
9.54	0.008	0.7126589582958687
9.60	0.008	0.7014973234211294
9.65	0.008	0.6943587084539524
9.70	0.008	0.68686274816497
9.74	0.008	0.6805371668182625
9.78	0.008	0.673889782975928
9.81	0.008	0.668725631176555
9.85	0.008	0.6615740758007967
9.90	0.008	0.6522354828544544
9.95	0.008	0.6427450472631119
10.00	0.008	0.6333821642214476
10.04	0.008	0.6260764096879337
10.08	0.008	0.61865889418266
10.11	0.008	0.6129138456337834
10.12	0.008	0.6109675959940661
10.13	0.008	0.6089997727365303
10.14	0.008	0.6070131564153876
10.15	0.008	0.6050068249683471
10.18	0.008	0.5988649062217724
5.00	0.02	0.9992463012452448
5.48	0.02	0.9991896289662069
5.70	0.02	0.999132694706196
5.85	0.02	0.9990733237330005
6.00	0.02	0.998972158753929
6.10	0.02	0.9988475496128149
6.18	0.02	0.9987441372354836
6.24	0.02	0.9986207773557404
6.30	0.02	0.9984070734163464
6.35	0.02	0.9982374912410789
6.40	0.02	0.9979393166011135
6.44	0.02	0.9975812550878064
6.48	0.02	0.9972963989755871
6.51	0.02	0.9967978137094882
6.54	0.02	0.9957506473852799
6.57	0.02	0.9949135169870883
6.60	0.02	0.9938870825848583
6.63	0.02	0.9928189465235314
6.65	0.02	0.9920815807050131
6.68	0.02	0.9911428331352418
6.70	0.02	0.990666384216297
6.72	0.02	0.9901781457595523
6.74	0.02	0.9892659436834361
6.76	0.02	0.988376442116769
6.78	0.02	0.988001518894588
6.81	0.02	0.9869042158315717
6.85	0.02	0.9855054047536201
6.86	0.02	0.9852628218181009
6.88	0.02	0.9842628862666511
6.89	0.02	0.9837441080563941
6.90	0.02	0.9834796096322037
6.92	0.02	0.982386178033849
6.93	0.02	0.9818165349116793
6.94	0.02	0.981230641159106
6.95	0.02	0.9806274558785386
6.97	0.02	0.9795600886798483
6.98	0.02	0.9792174980904867
6.99	0.02	0.9786992836514637
7.00	0.02	0.9783508066700161
7.04	0.02	0.9765682692885046
7.08	0.02	0.9747096483288104
7.11	0.02	0.9729610898113285
7.15	0.02	0.9710705968890238
7.18	0.02	0.96974257345868
7.20	0.02	0.9688033734552616
7.23	0.02	0.9671715728690864
7.26	0.02	0.9655072942199652
7.28	0.02	0.9643197049569959
7.30	0.02	0.9634664607930201
7.34	0.02	0.9616713188111797
7.38	0.02	0.9596892754054327
7.41	0.02	0.9580804095488963
7.45	0.02	0.9556991890600082
7.48	0.02	0.9537743301191356
7.51	0.02	0.9517967431608295
7.53	0.02	0.9508158151361498
7.56	0.02	0.9492607548026052
7.58	0.02	0.9481676237817408
7.60	0.02	0.9470159649789056
7.62	0.02	0.9458052599008593
7.64	0.02	0.9445357123230121
7.66	0.02	0.9432688651345255
7.68	0.02	0.9418775154098857
7.70	0.02	0.9404862824258502
7.74	0.02	0.9376179986772868
7.78	0.02	0.9351058952397746
7.81	0.02	0.933093775001654
7.85	0.02	0.930224334366379
7.87	0.02	0.9287079551576416
7.90	0.02	0.9271561899809733
7.93	0.02	0.9251472976967071
7.95	0.02	0.9237561043226552
7.98	0.02	0.9215579008342493
8.00	0.02	0.9200289439320841
8.30	0.02	0.8956353982281767
8.48	0.02	0.8810114337216263
8.60	0.02	0.8691840666890832
8.70	0.02	0.8577837980423569
8.78	0.02	0.8493262905579311
8.85	0.02	0.841064370217887
8.90	0.02	0.8346190810410306
8.95	0.02	0.8288972219625979
9.00	0.02	0.8219522211667958
9.18	0.02	0.7769807003306907
9.30	0.02	0.7553897280073446
9.40	0.02	0.7393116631362715
9.48	0.02	0.7264509804941518
9.54	0.02	0.7168424949784046
9.60	0.02	0.7172142135566002
9.65	0.02	0.708030756430474
9.70	0.02	0.6994732234329875
9.74	0.02	0.6927413292627647
9.78	0.02	0.6857016962404788
9.81	0.02	0.6808824077425908
9.85	0.02	0.6746545748232311
9.90	0.02	0.6665262108114869
9.95	0.02	0.6580852539378133
10.00	0.02	0.6494769928529589
10.04	0.02	0.6422753419679904
10.08	0.02	0.6347769823898388
10.11	0.02	0.6292200457773762
10.12	0.02	0.6274481386511613
10.13	0.02	0.6256608883128605
10.14	0.02	0.6238556782192737
10.15	0.02	0.622032668705177
10.18	0.02	0.6164641877986344
5.00	0.05	0.9985211772770649
5.48	0.05	0.9983166897845193
5.70	0.05	0.9981122049260432
5.85	0.05	0.9979226291403105
6.00	0.05	0.9976166411342311
6.10	0.05	0.9972866690277866
6.18	0.05	0.9970407195370976
6.24	0.05	0.9967749082599223
6.30	0.05	0.9963368951991035
6.35	0.05	0.9959938796786518
6.40	0.05	0.9953500670484201
6.44	0.05	0.9943600550420508
6.48	0.05	0.9936071859641277
6.51	0.05	0.9928680914044777
6.54	0.05	0.9917093898736372
6.57	0.05	0.9908004060804366
6.60	0.05	0.9900591359466602
6.63	0.05	0.9893547872983247
6.65	0.05	0.9889083725633736
6.68	0.05	0.988270007047603
6.70	0.05	0.987982985588827
6.72	0.05	0.9878125467113844
6.74	0.05	0.9876824444606985
6.76	0.05	0.9864523714182302
6.78	0.05	0.9855312371786478
6.81	0.05	0.9829244156599277
6.85	0.05	0.9795369634424667
6.86	0.05	0.9792990980296453
6.88	0.05	0.9783344394070653
6.89	0.05	0.9778437427073868
6.90	0.05	0.9775961377391025
6.92	0.05	0.976590170951133
6.93	0.05	0.9760773101760187
6.94	0.05	0.9755574388813733
6.95	0.05	0.9750303273634267
6.97	0.05	0.9739530147897068
6.98	0.05	0.9734022129412028
6.99	0.05	0.9725599488974851
7.00	0.05	0.9720139828738567
7.04	0.05	0.9701715358368945
7.08	0.05	0.96829247602646
7.11	0.05	0.9665628308692541
7.15	0.05	0.9642959331005285
7.18	0.05	0.9630059808108715
7.20	0.05	0.9621055445765482
7.23	0.05	0.9605627472503301
7.26	0.05	0.9590182695477495
7.28	0.05	0.9578562866130044
7.30	0.05	0.9566898058299
7.34	0.05	0.954205800948909
7.38	0.05	0.9516717958049746
7.41	0.05	0.9502184446945852
7.45	0.05	0.9481099833782911
7.48	0.05	0.9464424681394386
7.51	0.05	0.9446233047495572
7.53	0.05	0.9433887054811948
7.56	0.05	0.941421606024201
7.58	0.05	0.9400307170829135
7.60	0.05	0.9385588316899163
7.62	0.05	0.9373513328583388
7.64	0.05	0.9361504981603315
7.66	0.05	0.9349610453000731
7.68	0.05	0.9336657418140692
7.70	0.05	0.9323809101029537
7.74	0.05	0.9295521427311036
7.78	0.05	0.927446440935744
7.81	0.05	0.9255569637702906
7.85	0.05	0.9228894618255133
7.87	0.05	0.9214938598112157
7.90	0.05	0.9192804512630108
7.93	0.05	0.9169344383802946
7.95	0.05	0.915305209322256
7.98	0.05	0.9131192165964679
8.00	0.05	0.9118033192789943
8.30	0.05	0.888727375632059
8.48	0.05	0.8733455674721187
8.60	0.05	0.8612011126884372
8.70	0.05	0.8511102468485732
8.78	0.05	0.8421864706366073
8.85	0.05	0.8338123585497217
8.90	0.05	0.8280241134632461
8.95	0.05	0.8218189736289274
9.00	0.05	0.8151631151555587
9.18	0.05	0.773556475242916
9.30	0.05	0.7624704088718678
9.40	0.05	0.7456918926544464
9.48	0.05	0.7329003879265846
9.54	0.05	0.7229412500995537
9.60	0.05	0.7114050054951839
9.65	0.05	0.6911747478565341
9.70	0.05	0.6828912751537695
9.74	0.05	0.6867592999194168
9.78	0.05	0.679770403845943
9.81	0.05	0.6744659695267335
9.85	0.05	0.6671090324932061
9.90	0.05	0.6578039548377381
9.95	0.05	0.6492562108579896
10.00	0.05	0.6402999396672081
10.04	0.05	0.6328129573833848
10.08	0.05	0.6261801813544827
10.11	0.05	0.6212382855601488
10.12	0.05	0.6195625840996606
10.13	0.05	0.6178761405208739
10.14	0.05	0.6161694520916975
10.15	0.05	0.6144472057592127
10.18	0.05	0.6091834630715421
