log_age	Z	fraccion_M_star
5.00	0.004	0.9997487465030445
5.48	0.004	0.9995955483454583
5.70	0.004	0.9994477298492142
5.85	0.004	0.9993078254437727
6.00	0.004	0.9990935763512973
6.10	0.004	0.9988333204808698
6.18	0.004	0.9986310012404445
6.24	0.004	0.9984054213893815
6.30	0.004	0.9979957867909907
6.35	0.004	0.9976092892555832
6.40	0.004	0.9964247004323192
6.44	0.004	0.9941194592986262
6.48	0.004	0.9923187234365227
6.51	0.004	0.9899057552058677
6.54	0.004	0.9832740498504345
6.57	0.004	0.9760765133553254
6.60	0.004	0.9650840380687746
6.63	0.004	0.9561960391390197
6.65	0.004	0.951847721673063
6.68	0.004	0.9452045514605288
6.70	0.004	0.9406228946382591
6.72	0.004	0.936137439719356
6.74	0.004	0.9299606592168567
6.76	0.004	0.9253344862264032
6.78	0.004	0.9222071956136046
6.81	0.004	0.9143492529427593
6.85	0.004	0.9068577381739062
6.86	0.004	0.9058277243300943
6.88	0.004	0.9016964649624226
6.89	0.004	0.8996218026038157
6.90	0.004	0.8985818202864373
6.92	0.004	0.8944011825675501
6.93	0.004	0.892295606946724
6.94	0.004	0.890178820210561
6.95	0.004	0.8880488534900746
6.97	0.004	0.8837477024248391
6.98	0.004	0.8815727415774909
6.99	0.004	0.8782786203034687
7.00	0.004	0.8760589524629251
7.04	0.004	0.8673352947582434
7.08	0.004	0.8609837546693263
7.11	0.004	0.8552913272763243
7.15	0.004	0.8476970725281826
7.18	0.004	0.8413335771783271
7.20	0.004	0.8380145729741827
7.23	0.004	0.8329963130710698
7.26	0.004	0.8280433651374519
7.28	0.004	0.8243611241693034
7.30	0.004	0.8206994638230117
7.34	0.004	0.8135812454696545
7.38	0.004	0.8078797707092531
7.41	0.004	0.8033755603644338
7.45	0.004	0.7968974612929889
7.48	0.004	0.7918147017491114
7.51	0.004	0.7863030109296049
7.53	0.004	0.782582787943359
7.56	0.004	0.7774944836395179
7.58	0.004	0.7746255872969381
7.60	0.004	0.7716384972521725
7.62	0.004	0.7685357059299843
7.64	0.004	0.7653206204102738
7.66	0.004	0.7621514408402745
7.68	0.004	0.7587129444601255
7.70	0.004	0.7553203496473104
7.74	0.004	0.7478974876335356
7.78	0.004	0.7414195815448141
7.81	0.004	0.7367044589721468
7.85	0.004	0.7300958585516759
7.87	0.004	0.7266577404948794
7.90	0.004	0.7217422667575405
7.93	0.004	0.717667165129424
7.95	0.004	0.7145064319327072
7.98	0.004	0.7095612686866246
8.00	0.004	0.70617030377896
8.30	0.004	0.6576258631741768
8.48	0.004	0.6304162108347905
8.60	0.004	0.6093934395593791
8.70	0.004	0.5942882906642876
8.78	0.004	0.5809118483579743
8.85	0.004	0.570174586304843
8.90	0.004	0.5622625887276553
8.95	0.004	0.5538986814516134
9.00	0.004	0.5450537319591894
9.18	0.004	0.49331263138777365
9.30	0.004	0.4714313601327432
9.40	0.004	0.45510286181853454
9.48	0.004	0.4414301809636725
9.54	0.004	0.43950856635686847
9.60	0.004	0.43064146691220917
9.65	0.004	0.4230151870514602
9.70	0.004	0.41577132141379647
9.74	0.004	0.4098026857525866
9.78	0.004	0.40362943445314
9.81	0.004	0.3991391041648557
9.85	0.004	0.39304236870532333
9.90	0.004	0.3851485918507544
9.95	0.004	0.37730113887646016
10.00	0.004	0.36986237334862226
10.04	0.004	0.3637452841250016
10.08	0.004	0.3574938339675988
10.11	0.004	0.3528407593463488
10.12	0.004	0.3513974524968319
10.13	0.004	0.3499470045478874
10.14	0.004	0.3484882228305641
10.15	0.004	0.34702276114369585
10.18	0.004	0.3425709234887182
5.00	0.008	0.9997128622563369
5.48	0.008	0.9994860923983607
5.70	0.008	0.9992338070436809
5.85	0.008	0.9989751709011483
6.00	0.008	0.9985741216584746
6.10	0.008	0.9981230108338245
6.18	0.008	0.9977816522544524
6.24	0.008	0.9973908958346522
6.30	0.008	0.9964997973855905
6.35	0.008	0.9956808119411404
6.40	0.008	0.9938105836317674
6.44	0.008	0.9913125045298768
6.48	0.008	0.9892473842126166
6.51	0.008	0.9867916313557944
6.54	0.008	0.979228659904204
6.57	0.008	0.9721965381125605
6.60	0.008	0.9621603779371706
6.63	0.008	0.9537993486761329
6.65	0.008	0.9489639326805906
6.68	0.008	0.9411864820108642
6.70	0.008	0.936135847901879
6.72	0.008	0.9317462371589326
6.74	0.008	0.9262870978505664
6.76	0.008	0.921504258325822
6.78	0.008	0.9181969161973518
6.81	0.008	0.9112366663567515
6.85	0.008	0.9045991577406695
6.86	0.008	0.9035146302402705
6.88	0.008	0.8991591501660247
6.89	0.008	0.8969678055961445
6.90	0.008	0.8958684381551131
6.92	0.008	0.8914387011463364
6.93	0.008	0.8892036600585079
6.94	0.008	0.886952356929966
6.95	0.008	0.8846844999603958
6.97	0.008	0.8800919479883024
6.98	0.008	0.8777647475708631
6.99	0.008	0.8742311918382119
7.00	0.008	0.8718450788406394
7.04	0.008	0.8649320123253833
7.08	0.008	0.8586327590362145
7.11	0.008	0.8529937419352226
7.15	0.008	0.8454811065847604
7.18	0.008	0.839542469265435
7.20	0.008	0.8365684584939949
7.23	0.008	0.8315352659657558
7.26	0.008	0.826567731757399
7.28	0.008	0.8228747313234975
7.30	0.008	0.8192027882564377
7.34	0.008	0.8125056546204611
7.38	0.008	0.8067106627074967
7.41	0.008	0.8021292387973262
7.45	0.008	0.7955340036212076
7.48	0.008	0.7903549881847174
7.51	0.008	0.7847338553420623
7.53	0.008	0.780936768594356
7.56	0.008	0.7763894711177055
7.58	0.008	0.7735919715811573
7.60	0.008	0.7706815186888701
7.62	0.008	0.7676609927370758
7.64	0.008	0.7645328383046375
7.66	0.008	0.7614542309739353
7.68	0.008	0.7581165814562865
7.70	0.008	0.7548259515641104
7.74	0.008	0.7476385042556969
7.78	0.008	0.7414767423727494
7.81	0.008	0.7369853720330749
7.85	0.008	0.7307072232039794
7.87	0.008	0.7274479623706429
7.90	0.008	0.7226323167407357
7.93	0.008	0.7183174813204237
7.95	0.008	0.7153653285499718
7.98	0.008	0.7112936260987873
8.00	0.008	0.7081235094257958
8.30	0.008	0.6613036160334084
8.48	0.008	0.637189585116982
8.60	0.008	0.6178031272056485
8.70	0.008	0.6027396696847213
8.78	0.008	0.5906535714528058
8.85	0.008	0.5791800181533231
8.90	0.008	0.571421566217592
8.95	0.008	0.5635053517338537
9.00	0.008	0.5551387282415118
9.18	0.008	0.5052920246773971
9.30	0.008	0.4798137222597352
9.40	0.008	0.46361179701328337
9.48	0.008	0.4503623570683941
9.54	0.008	0.44962519078682234
9.60	0.008	0.43953364184000554
9.65	0.008	0.43316796401681396
9.70	0.008	0.42657046013337657
9.74	0.008	0.42105865983474083
9.78	0.008	0.41532744016772316
9.81	0.008	0.4109132932969403
9.85	0.008	0.4048451965147926
9.90	0.008	0.3970115165500326
9.95	0.008	0.38914336771064456
10.00	0.008	0.3814669913154125
10.04	0.008	0.3755705825155646
10.08	0.008	0.36967696458908
10.11	0.008	0.3651712858553703
10.12	0.008	0.3636584722513846
10.13	0.008	0.36213271400730185
10.14	0.008	0.3605983057011613
10.15	0.008	0.35905650694377494
10.18	0.008	0.35436970379771576
5.00	0.02	0.9995785438100571
5.48	0.02	0.9990874598122578
5.70	0.02	0.9985934276389319
5.85	0.02	0.9980733067055293
6.00	0.02	0.9971725759064417
6.10	0.02	0.9960336718734075
6.18	0.02	0.9950573440908734
6.24	0.02	0.9938729649548873
6.30	0.02	0.9918350527204464
6.35	0.02	0.9902207400997243
6.40	0.02	0.9874046260418876
6.44	0.02	0.984059307926699
6.48	0.02	0.981402548858446
6.51	0.02	0.976401233344704
6.54	0.02	0.9663168873727599
6.57	0.02	0.9588271547963434
6.60	0.02	0.9503210920626504
6.63	0.02	0.9421563802211783
6.65	0.02	0.9368560959710261
6.68	0.02	0.9304182696334357
6.70	0.02	0.9272807491338937
6.72	0.02	0.92417182924852
6.74	0.02	0.9185534897104678
6.76	0.02	0.9132793060103414
6.78	0.02	0.9110867518910388
6.81	0.02	0.90500398293866
6.85	0.02	0.8976200750859433
6.86	0.02	0.8963778578383432
6.88	0.02	0.8913596833577563
6.89	0.02	0.8888201778814256
6.90	0.02	0.8875419663534554
6.92	0.02	0.8823665202860674
6.93	0.02	0.8797389868989866
6.94	0.02	0.8770805613437594
6.95	0.02	0.8743892886686988
6.97	0.02	0.8697365767706341
6.98	0.02	0.8682713462938979
6.99	0.02	0.8660794247985641
7.00	0.02	0.8646213865129421
7.04	0.02	0.8573606971340239
7.08	0.02	0.8501096485363153
7.11	0.02	0.8435567438921938
7.15	0.02	0.8367372999700488
7.18	0.02	0.8320975097988136
7.20	0.02	0.8288869874290925
7.23	0.02	0.8234380431029101
7.26	0.02	0.8180407920052679
7.28	0.02	0.8142818216992153
7.30	0.02	0.8116263110673054
7.34	0.02	0.8061553424015082
7.38	0.02	0.8002878664421168
7.41	0.02	0.795650105896502
7.45	0.02	0.7889753353761468
7.48	0.02	0.7837349012060136
7.51	0.02	0.7784845012682181
7.53	0.02	0.77592949246014
7.56	0.02	0.7719390040385307
7.58	0.02	0.7691780991705665
7.60	0.02	0.766307310160359
7.62	0.02	0.7633295482883963
7.64	0.02	0.7602493935618666
7.66	0.02	0.7572185134254222
7.68	0.02	0.7539363448294031
7.70	0.02	0.7507032707429254
7.74	0.02	0.7441766164132895
7.78	0.02	0.7386082252082236
7.81	0.02	0.7342429141881189
7.85	0.02	0.7281508483791138
7.87	0.02	0.7249923068738884
7.90	0.02	0.7218037798467883
7.93	0.02	0.717736530407666
7.95	0.02	0.7149591269142316
7.98	0.02	0.710631348180042
8.00	0.02	0.7076665813985914
8.30	0.02	0.6643990848462809
8.48	0.02	0.6413726100102037
8.60	0.02	0.6239776621772415
8.70	0.02	0.6080821110356479
8.78	0.02	0.5967746482239267
8.85	0.02	0.5860919052928938
8.90	0.02	0.5779844616622352
8.95	0.02	0.5706247970881844
9.00	0.02	0.5622796309763499
9.18	0.02	0.5155641630808109
9.30	0.02	0.49298534584365467
9.40	0.02	0.4769088562501696
9.48	0.02	0.46445271865195203
9.54	0.02	0.45534718589479123
9.60	0.02	0.4538015190592993
9.65	0.02	0.4454163726656681
9.70	0.02	0.4377183923281558
9.74	0.02	0.43174052165551685
9.78	0.02	0.4255549333145959
9.81	0.02	0.4213585145715245
9.85	0.02	0.41598441048345675
9.90	0.02	0.40903626742683646
9.95	0.02	0.4019052429290188
10.00	0.02	0.39471288043325736
10.04	0.02	0.38875632998148885
10.08	0.02	0.38260889126349296
10.11	0.02	0.37809453035816676
10.12	0.02	0.3766694511735121
10.13	0.02	0.37523578282818937
10.14	0.02	0.3737980243299755
10.15	0.02	0.3723490015905662
10.18	0.02	0.3679495590991678
5.00	0.05	0.9949843981849278
5.48	0.05	0.9930842503649006
5.70	0.05	0.9911841209691683
5.85	0.05	0.9894537255574956
6.00	0.05	0.9866984364197667
6.10	0.05	0.9837400007431027
6.18	0.05	0.9815429408223123
6.24	0.05	0.9791855730730629
6.30	0.05	0.9753145142800566
6.35	0.05	0.9722783595224301
6.40	0.05	0.9666143290354348
6.44	0.05	0.9574834173624557
6.48	0.05	0.950837622505272
6.51	0.05	0.9446774726843369
6.54	0.05	0.9355751860380161
6.57	0.05	0.9290004318659741
6.60	0.05	0.9238990814164855
6.63	0.05	0.919298761252254
6.65	0.05	0.9165254135030293
6.68	0.05	0.9127135102023799
6.70	0.05	0.9110245613197506
6.72	0.05	0.9100289647535674
6.74	0.05	0.9092827917019292
6.76	0.05	0.902578923605177
6.78	0.05	0.8977545666177658
6.81	0.05	0.8848926074981522
6.85	0.05	0.869637530865164
6.86	0.05	0.8686189776893272
6.88	0.05	0.8645536082646733
6.89	0.05	0.8625236962935616
6.90	0.05	0.8615088235474465
6.92	0.05	0.8574478899043664
6.93	0.05	0.8554148164532752
6.94	0.05	0.8533787464524882
6.95	0.05	0.8513389586432321
6.97	0.05	0.8472437540760438
6.98	0.05	0.845186826645404
6.99	0.05	0.8420877939045674
7.00	0.05	0.8401077319825716
7.04	0.05	0.8335831514095927
7.08	0.05	0.8271632012953775
7.11	0.05	0.8214453971369418
7.15	0.05	0.8142072561934454
7.18	0.05	0.8102085131479627
7.20	0.05	0.8074643116193169
7.23	0.05	0.8028528455449772
7.26	0.05	0.7983411246139575
7.28	0.05	0.7950135987105494
7.30	0.05	0.7917267591054878
7.34	0.05	0.7848995304052477
7.38	0.05	0.7781588706052662
7.41	0.05	0.7743878230258588
7.45	0.05	0.7690351988411596
7.48	0.05	0.7648937858566925
7.51	0.05	0.7604623918173585
7.53	0.05	0.757507042647861
7.56	0.05	0.7528729988060127
7.58	0.05	0.7496544573024433
7.60	0.05	0.7462976262144928
7.62	0.05	0.7435800176095496
7.64	0.05	0.740906996766855
7.66	0.05	0.7382921023959754
7.68	0.05	0.7354746719325864
7.70	0.05	0.7327138257913216
7.74	0.05	0.726744727399562
7.78	0.05	0.7223965054092426
7.81	0.05	0.718559440495299
7.85	0.05	0.7132436016189537
7.87	0.05	0.710506507323274
7.90	0.05	0.7062266094282909
7.93	0.05	0.7017670566207679
7.95	0.05	0.6987149622703904
7.98	0.05	0.6946745385757659
8.00	0.05	0.6922741936328916
8.30	0.05	0.6532914914912876
8.48	0.05	0.6299843690358728
8.60	0.05	0.6123204981369292
8.70	0.05	0.5987354375504705
8.78	0.05	0.5871600367896216
8.85	0.05	0.5766464391231743
8.90	0.05	0.5695589365693381
8.95	0.05	0.5621108399783526
9.00	0.05	0.5542867599958666
9.18	0.05	0.5119009423911157
9.30	0.05	0.49736644235200933
9.40	0.05	0.48074069482252785
9.48	0.05	0.4684536714507466
9.54	0.05	0.45909989749861263
9.60	0.05	0.44847864449954317
9.65	0.05	0.43180657384738313
9.70	0.05	0.4244286938896184
9.74	0.05	0.4264847842145566
9.78	0.05	0.42039881676526375
9.81	0.05	0.4158209412640097
9.85	0.05	0.4095321560221433
9.90	0.05	0.4016686028672923
9.95	0.05	0.3945294651323088
10.00	0.05	0.3871299294728441
10.04	0.05	0.3810050051156889
10.08	0.05	0.37565110606323
10.11	0.05	0.37171614217250865
10.12	0.05	0.37039145904141646
10.13	0.05	0.36905957844530063
10.14	0.05	0.3677183501890886
10.15	0.05	0.36636954687403184
10.18	0.05	0.3622756384364721
