3.749000000000000000e+03 2.464218415239762802e-05
3.750000000000000000e+03 2.479292434794877828e-05
3.751000000000000000e+03 2.494372648975923840e-05
3.751065917968750000e+03 2.495368353829885847e-05
3.752000000000000000e+03 2.550212627142862690e-05
3.753000000000000000e+03 2.608930864103688207e-05
3.754000000000000000e+03 2.667674593178923371e-05
3.755000000000000000e+03 2.726444353491525548e-05
3.756000000000000000e+03 2.785239600127727849e-05
3.757000000000000000e+03 2.844085164068933130e-05
3.758000000000000000e+03 2.902932736902718352e-05
3.759000000000000000e+03 2.961805787550436322e-05
3.760000000000000000e+03 3.020704914801769430e-05
3.761000000000000000e+03 3.079629360025698206e-05
3.761068603515625000e+03 3.083672707202681943e-05
3.762000000000000000e+03 3.149887660430395218e-05
3.763000000000000000e+03 3.221037640615269815e-05
3.764000000000000000e+03 3.292191882785317018e-05
3.765000000000000000e+03 3.363376922978315040e-05
3.766000000000000000e+03 3.434593440832127068e-05
3.767000000000000000e+03 3.505841105682490583e-05
3.768000000000000000e+03 3.577119557964208822e-05
3.769000000000000000e+03 3.648429520665413009e-05
3.770000000000000000e+03 3.719801992957442815e-05
3.771000000000000000e+03 3.791173655704567144e-05
3.771071044921875000e+03 3.796245433856313003e-05
3.772000000000000000e+03 3.957514111838502329e-05
3.773000000000000000e+03 4.131189326157185226e-05
3.774000000000000000e+03 4.304941052994876779e-05
3.775000000000000000e+03 4.478768899499903079e-05
3.776000000000000000e+03 4.652672402281669107e-05
3.777000000000000000e+03 4.826652497453329493e-05
3.778000000000000000e+03 5.000708739267875055e-05
3.779000000000000000e+03 5.174884741659820347e-05
3.780000000000000000e+03 5.349094770524738562e-05
3.781000000000000000e+03 5.523379524226742772e-05
3.781073730468750000e+03 5.536232674107977915e-05
3.782000000000000000e+03 5.684187556492085888e-05
3.783000000000000000e+03 5.843986694410891624e-05
3.784000000000000000e+03 6.003854941270724081e-05
3.785000000000000000e+03 6.163793507938217676e-05
3.786000000000000000e+03 6.323801809388391476e-05
3.787000000000000000e+03 6.483879195706865491e-05
3.788000000000000000e+03 6.644026975091846872e-05
3.789000000000000000e+03 6.804244513859412685e-05
3.790000000000000000e+03 6.964531113361260904e-05
3.791000000000000000e+03 7.124884809564557050e-05
3.791076416015625000e+03 7.137145913395691939e-05
3.792000000000000000e+03 7.285373859293212367e-05
3.793000000000000000e+03 7.445871354436073438e-05
3.794000000000000000e+03 7.606439240023387012e-05
3.795000000000000000e+03 7.767076784810299196e-05
3.796000000000000000e+03 7.927783192437560015e-05
3.797000000000000000e+03 8.088560063697790758e-05
3.798000000000000000e+03 8.249406618518446239e-05
3.799000000000000000e+03 8.410322011637692569e-05
3.800000000000000000e+03 8.571307941629515207e-05
3.801000000000000000e+03 8.735261648530068810e-05
3.801078857421875000e+03 8.748198018920841617e-05
3.802000000000000000e+03 9.057430711495470066e-05
3.803000000000000000e+03 9.393487256939857038e-05
3.804000000000000000e+03 9.729908314468252277e-05
3.805000000000000000e+03 1.006669291646268598e-04
3.806000000000000000e+03 1.040384312501273738e-04
3.807000000000000000e+03 1.074135691695028661e-04
3.808000000000000000e+03 1.107923649107086980e-04
3.809000000000000000e+03 1.141748084556727362e-04
3.810000000000000000e+03 1.175608884156528858e-04
3.811000000000000000e+03 1.209505511201127342e-04
3.811081542968750000e+03 1.212271150059517934e-04
3.812000000000000000e+03 1.256794762976462488e-04
3.813000000000000000e+03 1.305321390882896763e-04
3.814000000000000000e+03 1.353900515495138333e-04
3.815000000000000000e+03 1.402532016950096662e-04
3.816000000000000000e+03 1.451215755678224968e-04
3.817000000000000000e+03 1.499952028736934741e-04
3.818000000000000000e+03 1.548740701489959818e-04
3.819000000000000000e+03 1.597581619533848638e-04
3.820000000000000000e+03 1.646461083601650068e-04
3.821000000000000000e+03 1.695405779015451465e-04
3.821083984375000000e+03 1.699518738529578218e-04
3.822000000000000000e+03 1.757339963117099109e-04
3.823000000000000000e+03 1.820527577903757895e-04
3.824000000000000000e+03 1.883782958982507306e-04
3.825000000000000000e+03 1.947105918679890380e-04
3.826000000000000000e+03 2.010496855220905558e-04
3.827000000000000000e+03 2.073955587347247492e-04
3.828000000000000000e+03 2.137481908095937525e-04
3.829000000000000000e+03 2.201076254246593124e-04
3.830000000000000000e+03 2.264738425271024043e-04
3.831000000000000000e+03 2.328466555644681751e-04
3.831086669921875000e+03 2.333993078152204353e-04
3.832000000000000000e+03 2.415928369471306326e-04
3.833000000000000000e+03 2.505709165785811356e-04
3.834000000000000000e+03 2.595606079870235077e-04
3.835000000000000000e+03 2.685599067955740421e-04
3.836000000000000000e+03 2.775687889728524461e-04
3.837000000000000000e+03 2.865872268389723417e-04
3.838000000000000000e+03 2.956152789552392193e-04
3.839000000000000000e+03 3.046529185551574833e-04
3.840000000000000000e+03 3.137001152126246868e-04
3.841000000000000000e+03 3.227567776799299994e-04
3.841089355468750000e+03 3.235662602078917039e-04
3.842000000000000000e+03 3.354930394904789967e-04
3.843000000000000000e+03 3.486061705941082868e-04
3.844000000000000000e+03 3.617331906608481536e-04
3.845000000000000000e+03 3.748741736621012221e-04
3.846000000000000000e+03 3.880290862396747111e-04
3.847000000000000000e+03 4.011978897088921189e-04
3.848000000000000000e+03 4.143806660305222921e-04
3.849000000000000000e+03 4.275737380133456879e-04
3.850000000000000000e+03 4.407842302809948480e-04
3.851000000000000000e+03 4.540083455935626047e-04
3.851091796875000000e+03 4.552229755991121026e-04
3.852000000000000000e+03 4.728268486340897882e-04
3.853000000000000000e+03 4.922295419057048319e-04
3.854000000000000000e+03 5.116527804519498384e-04
3.855000000000000000e+03 5.310919988090961148e-04
3.856000000000000000e+03 5.505560193359820397e-04
3.857000000000000000e+03 5.700405994639218179e-04
3.858000000000000000e+03 5.895456882428212622e-04
3.859000000000000000e+03 6.090712268272836100e-04
3.860000000000000000e+03 6.286119896977555551e-04
3.861000000000000000e+03 6.481780439340262441e-04
3.861094482421875000e+03 6.500277455582406487e-04
3.862000000000000000e+03 6.766139213170881128e-04
3.863000000000000000e+03 7.060036190422235925e-04
3.864000000000000000e+03 7.354242137725586128e-04
3.865000000000000000e+03 7.648691236180079180e-04
3.866000000000000000e+03 7.943512714632248355e-04
3.867000000000000000e+03 8.238643288556216603e-04
3.868000000000000000e+03 8.534082136129630914e-04
3.869000000000000000e+03 8.829830999000473808e-04
3.870000000000000000e+03 9.125811438191615320e-04
3.871000000000000000e+03 9.422171832698099945e-04
3.871097167968750000e+03 9.450984949181171326e-04
3.872000000000000000e+03 9.865456881902672729e-04
3.873000000000000000e+03 1.032499515186649942e-03
3.874000000000000000e+03 1.078492262413759681e-03
3.875000000000000000e+03 1.124541782029930348e-03
3.876000000000000000e+03 1.170639519371307474e-03
3.877000000000000000e+03 1.216785371781240951e-03
3.878000000000000000e+03 1.262968473958698623e-03
3.879000000000000000e+03 1.309210178461342813e-03
3.880000000000000000e+03 1.355500017363457394e-03
3.881000000000000000e+03 1.401836957680551452e-03
3.881099609375000000e+03 1.406454006804721624e-03
3.882000000000000000e+03 1.468919631120300072e-03
3.883000000000000000e+03 1.538376427373724454e-03
3.884000000000000000e+03 1.607905365416295498e-03
3.885000000000000000e+03 1.677492505600718890e-03
3.886000000000000000e+03 1.747165645663329835e-03
3.887000000000000000e+03 1.816911119016054871e-03
3.888000000000000000e+03 1.886728744388786131e-03
3.889000000000000000e+03 1.956602266109272199e-03
3.890000000000000000e+03 2.026564196236470879e-03
3.891000000000000000e+03 2.096596312554028282e-03
3.891102294921875000e+03 2.103762506495127863e-03
3.892000000000000000e+03 2.199376685768059808e-03
3.893000000000000000e+03 2.306008843722593977e-03
3.894000000000000000e+03 2.412751115138869664e-03
3.895000000000000000e+03 2.519582566824259216e-03
3.896000000000000000e+03 2.626544921979195868e-03
3.897000000000000000e+03 2.733617401094275666e-03
3.898000000000000000e+03 2.840776406209094291e-03
3.899000000000000000e+03 2.948069084736723924e-03
3.900000000000000000e+03 3.055472206899783813e-03
3.901000000000000000e+03 3.162955568992193919e-03
3.901104980468750000e+03 3.174248377882897890e-03
3.902000000000000000e+03 3.327225528208639215e-03
3.903000000000000000e+03 3.498312811110009836e-03
3.904000000000000000e+03 3.669544610903465245e-03
3.905000000000000000e+03 3.840982615176662812e-03
3.906000000000000000e+03 4.012596750055810214e-03
3.907000000000000000e+03 4.184351042579722950e-03
3.908000000000000000e+03 4.356316028961994963e-03
3.909000000000000000e+03 4.528457213170880742e-03
3.910000000000000000e+03 4.700734658514944646e-03
3.911000000000000000e+03 4.873220254021601652e-03
3.911107421875000000e+03 4.891759489515560763e-03
3.912000000000000000e+03 5.143765691729297769e-03
3.913000000000000000e+03 5.426328281562036067e-03
3.914000000000000000e+03 5.709223114118091094e-03
3.915000000000000000e+03 5.992356695734231409e-03
3.916000000000000000e+03 6.275827973187022603e-03
3.917000000000000000e+03 6.559587791480792768e-03
3.918000000000000000e+03 6.843579321049409088e-03
3.919000000000000000e+03 7.127915878235044009e-03
3.920000000000000000e+03 7.412478750091822111e-03
3.921000000000000000e+03 7.697384619906449781e-03
3.921110107421875000e+03 7.728772610611815523e-03
3.922000000000000000e+03 8.149036292969724996e-03
3.923000000000000000e+03 8.621680865707033459e-03
3.924000000000000000e+03 9.094874758827631994e-03
3.925000000000000000e+03 9.568469258943028063e-03
3.926000000000000000e+03 1.004262215030987671e-02
3.927000000000000000e+03 1.051716683425086597e-02
3.928000000000000000e+03 1.099227696381146688e-02
3.929000000000000000e+03 1.146786943577424688e-02
3.930000000000000000e+03 1.194384175980484943e-02
3.931000000000000000e+03 1.242038186354975371e-02
3.931112792968750000e+03 1.247415058461977776e-02
3.932000000000000000e+03 1.313199048878941656e-02
3.933000000000000000e+03 1.387427763483772142e-02
3.934000000000000000e+03 1.461719134440885373e-02
3.935000000000000000e+03 1.536097222200879034e-02
3.936000000000000000e+03 1.610536868124939902e-02
3.937000000000000000e+03 1.685064666591868168e-02
3.938000000000000000e+03 1.759652448957357146e-02
3.939000000000000000e+03 1.834329837086664389e-02
3.940000000000000000e+03 1.909082354009751861e-02
3.941000000000000000e+03 1.983890775407876408e-02
3.941115478515625000e+03 1.992536265169767701e-02
3.942000000000000000e+03 2.099196619446312348e-02
3.943000000000000000e+03 2.219877434406644992e-02
3.944000000000000000e+03 2.340697395865343894e-02
3.945000000000000000e+03 2.461617527790278120e-02
3.946000000000000000e+03 2.582679121572051609e-02
3.947000000000000000e+03 2.703839106254863137e-02
3.948000000000000000e+03 2.825142113012590536e-02
3.949000000000000000e+03 2.946541751671413051e-02
3.950000000000000000e+03 3.068086784548591101e-02
3.951000000000000000e+03 3.189722127268385804e-02
3.951117919921875000e+03 3.204076375030560225e-02
3.952000000000000000e+03 3.369793010629374558e-02
3.953000000000000000e+03 3.557810013113826136e-02
3.954000000000000000e+03 3.746043329027014951e-02
3.955000000000000000e+03 3.934430550195164994e-02
3.956000000000000000e+03 4.123002686078782592e-02
3.957000000000000000e+03 4.311795991248609794e-02
3.958000000000000000e+03 4.500738854803862377e-02
3.959000000000000000e+03 4.689905658847314668e-02
3.960000000000000000e+03 4.879219306107766829e-02
3.961000000000000000e+03 5.068755006875394487e-02
3.961120605468750000e+03 5.091621500716937004e-02
3.962000000000000000e+03 5.325360905155938213e-02
3.963000000000000000e+03 5.591447118744019562e-02
3.964000000000000000e+03 5.857747766593253413e-02
3.965000000000000000e+03 6.124359552156135450e-02
3.966000000000000000e+03 6.391180118294252643e-02
3.967000000000000000e+03 6.658260490690080802e-02
3.968000000000000000e+03 6.925658873431306262e-02
3.969000000000000000e+03 7.193259961671671920e-02
3.970000000000000000e+03 7.461182899255576484e-02
3.971000000000000000e+03 7.729293831168919382e-02
3.971123291015625000e+03 7.762367403290187928e-02
3.972000000000000000e+03 8.045849344806191294e-02
3.973000000000000000e+03 8.369560363979715312e-02
3.974000000000000000e+03 8.693516158724833021e-02
3.975000000000000000e+03 9.017860799626725710e-02
3.976000000000000000e+03 9.342443964560191716e-02
3.977000000000000000e+03 9.667420566116488589e-02
3.978000000000000000e+03 9.992631187162921702e-02
3.979000000000000000e+03 1.031815421635304819e-01
3.980000000000000000e+03 1.064408002805104780e-01
3.981000000000000000e+03 1.097021582972518006e-01
3.981125732421875000e+03 1.101124386587156445e-01
3.982000000000000000e+03 1.129037932543996287e-01
3.983000000000000000e+03 1.161004264505250128e-01
3.984000000000000000e+03 1.192991368498887705e-01
3.985000000000000000e+03 1.225019464837808214e-01
3.986000000000000000e+03 1.257067916693427878e-01
3.987000000000000000e+03 1.289146851981185782e-01
3.988000000000000000e+03 1.321267352902907311e-01
3.989000000000000000e+03 1.353407532009628655e-01
3.990000000000000000e+03 1.385578202426261674e-01
3.991000000000000000e+03 1.417789391645305763e-01
3.991128417968750000e+03 1.421926561652085141e-01
3.992000000000000000e+03 1.444093003786706131e-01
3.993000000000000000e+03 1.469547899592261453e-01
3.994000000000000000e+03 1.495039345800345809e-01
3.995000000000000000e+03 1.520542187729042594e-01
3.996000000000000000e+03 1.546068741491590792e-01
3.997000000000000000e+03 1.571632654304583321e-01
3.998000000000000000e+03 1.597207320162106758e-01
3.999000000000000000e+03 1.622805859922865634e-01
4.000000000000000000e+03 1.648442095430039944e-01
4.001000000000000000e+03 1.673494470131127176e-01
4.001131103515625000e+03 1.676779384303133114e-01
4.002000000000000000e+03 1.690189431216003180e-01
4.003000000000000000e+03 1.705640705539070712e-01
4.004000000000000000e+03 1.721081612621715717e-01
4.005000000000000000e+03 1.736526322112540155e-01
4.006000000000000000e+03 1.751989697452582817e-01
4.007000000000000000e+03 1.767441964669649312e-01
4.008000000000000000e+03 1.782898211838144509e-01
4.009000000000000000e+03 1.798358262205328739e-01
4.010000000000000000e+03 1.813837502733388063e-01
4.011000000000000000e+03 1.829302518950832734e-01
4.011133544921875000e+03 1.831368102400091624e-01
4.012000000000000000e+03 1.838055513077981040e-01
4.013000000000000000e+03 1.845791025698870491e-01
4.014000000000000000e+03 1.853512798710457710e-01
4.015000000000000000e+03 1.861236235940378070e-01
4.016000000000000000e+03 1.868961712589268243e-01
4.017000000000000000e+03 1.876704959494673863e-01
4.018000000000000000e+03 1.884434015918015626e-01
4.019000000000000000e+03 1.892165114366611001e-01
4.020000000000000000e+03 1.899898065428814176e-01
4.021000000000000000e+03 1.907646351049923639e-01
4.021136230468750000e+03 1.908699823900286696e-01
4.022000000000000000e+03 1.911840052107598442e-01
4.023000000000000000e+03 1.915476515720863082e-01
4.024000000000000000e+03 1.919113813974881733e-01
4.025000000000000000e+03 1.922768253040069986e-01
4.026000000000000000e+03 1.926407056784091576e-01
4.027000000000000000e+03 1.930046889405070965e-01
4.028000000000000000e+03 1.933687556818884656e-01
4.029000000000000000e+03 1.937329059062047054e-01
4.030000000000000000e+03 1.940987659341646410e-01
4.031000000000000000e+03 1.944750524574804795e-01
4.031138916015625000e+03 1.945273348784000156e-01
4.032000000000000000e+03 1.945634848571313469e-01
4.033000000000000000e+03 1.946054728591772864e-01
4.034000000000000000e+03 1.946490981771176743e-01
4.035000000000000000e+03 1.946910995280999590e-01
4.036000000000000000e+03 1.947331073925291645e-01
4.037000000000000000e+03 1.947751217711068961e-01
4.038000000000000000e+03 1.948171230006656984e-01
4.039000000000000000e+03 1.948591504057357593e-01
4.040000000000000000e+03 1.949028367486929092e-01
4.041000000000000000e+03 1.949446658915072184e-01
4.041141601562500000e+03 1.949505866977237212e-01
4.042000000000000000e+03 1.948962581734997035e-01
4.043000000000000000e+03 1.948329577540603985e-01
4.044000000000000000e+03 1.947696255509314411e-01
4.045000000000000000e+03 1.947079121734034968e-01
4.046000000000000000e+03 1.946444961761256143e-01
4.047000000000000000e+03 1.945810680271841953e-01
4.048000000000000000e+03 1.945176080704264787e-01
4.049000000000000000e+03 1.944541162998814632e-01
4.050000000000000000e+03 1.943905927095770092e-01
4.051000000000000000e+03 1.943267413398155341e-01
4.051144042968750000e+03 1.943177814762715450e-01
4.052000000000000000e+03 1.942753469750700124e-01
4.053000000000000000e+03 1.942240992035707270e-01
4.054000000000000000e+03 1.941728047508049504e-01
4.055000000000000000e+03 1.941215028032650669e-01
4.056000000000000000e+03 1.940701737573446717e-01
4.057000000000000000e+03 1.940188176079704618e-01
4.058000000000000000e+03 1.939674343500689957e-01
4.059000000000000000e+03 1.939176479116723473e-01
4.060000000000000000e+03 1.938662099632159352e-01
4.061000000000000000e+03 1.938145019784487388e-01
4.061146728515625000e+03 1.938069126723301339e-01
4.062000000000000000e+03 1.939154423924012438e-01
4.063000000000000000e+03 1.940426496087378494e-01
4.064000000000000000e+03 1.941699134197639454e-01
4.065000000000000000e+03 1.942972142671166302e-01
4.066000000000000000e+03 1.944245521566758950e-01
4.067000000000000000e+03 1.945519074675252924e-01
4.068000000000000000e+03 1.946793194466165389e-01
4.069000000000000000e+03 1.948084192401497161e-01
4.070000000000000000e+03 1.949359063971097539e-01
4.071000000000000000e+03 1.950631957174971953e-01
4.071149414062500000e+03 1.950822206305715678e-01
4.072000000000000000e+03 1.953158230277572960e-01
4.073000000000000000e+03 1.955905425496469729e-01
4.074000000000000000e+03 1.958653512355905957e-01
4.075000000000000000e+03 1.961402293159711652e-01
4.076000000000000000e+03 1.964152163463203371e-01
4.077000000000000000e+03 1.966902925844173644e-01
4.078000000000000000e+03 1.969654580448324255e-01
4.079000000000000000e+03 1.972407127421365036e-01
4.080000000000000000e+03 1.975160367696311148e-01
4.081000000000000000e+03 1.977912850511635290e-01
4.081151855468750000e+03 1.978330907716397413e-01
4.082000000000000000e+03 1.980517768295629033e-01
4.083000000000000000e+03 1.983096937207340094e-01
4.084000000000000000e+03 1.985676732054120763e-01
4.085000000000000000e+03 1.988257553232120611e-01
4.086000000000000000e+03 1.990839200871705184e-01
4.087000000000000000e+03 1.993438561685477173e-01
4.088000000000000000e+03 1.996021682957695720e-01
4.089000000000000000e+03 1.998605832128631243e-01
4.090000000000000000e+03 2.001190808301007429e-01
4.091000000000000000e+03 2.003774720080889749e-01
4.091154541015625000e+03 2.004174082570197302e-01
4.092000000000000000e+03 2.005957542881795508e-01
4.093000000000000000e+03 2.008067808203542193e-01
4.094000000000000000e+03 2.010178729409000942e-01
4.095000000000000000e+03 2.012290306602205758e-01
4.096000000000000000e+03 2.014402539887187593e-01
4.097000000000000000e+03 2.016515226044482412e-01
4.098000000000000000e+03 2.018628771615509909e-01
4.099000000000000000e+03 2.020742973590422265e-01
4.100000000000000000e+03 2.022857832073291784e-01
4.101000000000000000e+03 2.024970929145816778e-01
4.101157226562500000e+03 2.025303255530693236e-01
4.102000000000000000e+03 2.026239106334324636e-01
4.103000000000000000e+03 2.027332657468521038e-01
4.104000000000000000e+03 2.028443671083902666e-01
4.105000000000000000e+03 2.029554987144561173e-01
4.106000000000000000e+03 2.030666400974923402e-01
4.107000000000000000e+03 2.031778321953578159e-01
4.108000000000000000e+03 2.032890545513558744e-01
4.109000000000000000e+03 2.034003071700231924e-01
4.110000000000000000e+03 2.035115900558968349e-01
4.111000000000000000e+03 2.036226258763134678e-01
4.111159667968750000e+03 2.036403607937987414e-01
4.112000000000000000e+03 2.037682218461851491e-01
4.113000000000000000e+03 2.039204179291446151e-01
4.114000000000000000e+03 2.040726582362194785e-01
4.115000000000000000e+03 2.042249221883987442e-01
4.116000000000000000e+03 2.043772509488596123e-01
4.117000000000000000e+03 2.045296239535940586e-01
4.118000000000000000e+03 2.046820412093242891e-01
4.119000000000000000e+03 2.048344820769947561e-01
4.120000000000000000e+03 2.049869878398627165e-01
4.121000000000000000e+03 2.051375769240818547e-01
4.121162597656250000e+03 2.051623486997973256e-01
4.122000000000000000e+03 2.053238207824454875e-01
4.123000000000000000e+03 2.055166989064621530e-01
4.124000000000000000e+03 2.057096141630959940e-01
4.125000000000000000e+03 2.059026080068623865e-01
4.126000000000000000e+03 2.060956597332513074e-01
4.127000000000000000e+03 2.062887693510659648e-01
4.128000000000000000e+03 2.064819368691100665e-01
4.129000000000000000e+03 2.066751414682319876e-01
4.130000000000000000e+03 2.068684247940237031e-01
4.131000000000000000e+03 2.070598199183789623e-01
4.131165039062500000e+03 2.070917021347542519e-01
4.132000000000000000e+03 2.072593268145593026e-01
4.133000000000000000e+03 2.074601186226976424e-01
4.134000000000000000e+03 2.076609914930706291e-01
4.135000000000000000e+03 2.078619245488046996e-01
4.136000000000000000e+03 2.080629177989706535e-01
4.137000000000000000e+03 2.082639712526403453e-01
4.138000000000000000e+03 2.084632994667535155e-01
4.139000000000000000e+03 2.086644716618966389e-01
4.140000000000000000e+03 2.088657040873042881e-01
4.141000000000000000e+03 2.090668640123028998e-01
4.141167480468750000e+03 2.091005602362547844e-01
4.142000000000000000e+03 2.092464384999775107e-01
4.143000000000000000e+03 2.094216893182944961e-01
4.144000000000000000e+03 2.095970123952165254e-01
4.145000000000000000e+03 2.097706113387211024e-01
4.146000000000000000e+03 2.099460353354898334e-01
4.147000000000000000e+03 2.101215105304830022e-01
4.148000000000000000e+03 2.102970157446170663e-01
4.149000000000000000e+03 2.104725933415388661e-01
4.150000000000000000e+03 2.106482221594917770e-01
4.151000000000000000e+03 2.108219528355750605e-01
4.151170410156250000e+03 2.108518671616368134e-01
4.152000000000000000e+03 2.109305778136722764e-01
4.153000000000000000e+03 2.110254572226026026e-01
4.154000000000000000e+03 2.111203815730348377e-01
4.155000000000000000e+03 2.112153296190091289e-01
4.156000000000000000e+03 2.113085133338173383e-01
4.157000000000000000e+03 2.114034867119440886e-01
4.158000000000000000e+03 2.114985050814009448e-01
4.159000000000000000e+03 2.115935471594148909e-01
4.160000000000000000e+03 2.116886129492841218e-01
4.161000000000000000e+03 2.117817800903134262e-01
4.161172851562500000e+03 2.117981924801063121e-01
4.162000000000000000e+03 2.119274295128144858e-01
4.163000000000000000e+03 2.120837353277599813e-01
4.164000000000000000e+03 2.122400853904494455e-01
4.165000000000000000e+03 2.123946827293752559e-01
4.166000000000000000e+03 2.125511200136819268e-01
4.167000000000000000e+03 2.127075801412636746e-01
4.168000000000000000e+03 2.128641059499090660e-01
4.169000000000000000e+03 2.130206760380471964e-01
4.170000000000000000e+03 2.131754869652737472e-01
4.171000000000000000e+03 2.133319412663133574e-01
4.171175292968750000e+03 2.133593673715265537e-01
4.172000000000000000e+03 2.134625370198505734e-01
4.173000000000000000e+03 2.135876876275209779e-01
4.174000000000000000e+03 2.137110638827334486e-01
4.175000000000000000e+03 2.138362805033132696e-01
4.176000000000000000e+03 2.139615306515093851e-01
4.177000000000000000e+03 2.140849818154341166e-01
4.178000000000000000e+03 2.142102979913735883e-01
4.179000000000000000e+03 2.143356477088453893e-01
4.180000000000000000e+03 2.144610309725727415e-01
4.181000000000000000e+03 2.145844324828270477e-01
4.181178222656250000e+03 2.146067483795384978e-01
4.182000000000000000e+03 2.147163094613350476e-01
4.183000000000000000e+03 2.148496859848690044e-01
4.184000000000000000e+03 2.149812801807240714e-01
4.185000000000000000e+03 2.151147276660686780e-01
4.186000000000000000e+03 2.152482111885893057e-01
4.187000000000000000e+03 2.153817090670238632e-01
4.188000000000000000e+03 2.155134419175165905e-01
4.189000000000000000e+03 2.156470324697272178e-01
4.190000000000000000e+03 2.157806590790197765e-01
4.191000000000000000e+03 2.159123264957362454e-01
4.191180664062500000e+03 2.159364475930442562e-01
4.192000000000000000e+03 2.159515801953130198e-01
4.193000000000000000e+03 2.159700258167463471e-01
4.194000000000000000e+03 2.159866644012204961e-01
4.195000000000000000e+03 2.160051272736288885e-01
4.196000000000000000e+03 2.160235879620830413e-01
4.197000000000000000e+03 2.160402194937673659e-01
4.198000000000000000e+03 2.160586539360208058e-01
4.199000000000000000e+03 2.160771079420531759e-01
4.200000000000000000e+03 2.160937324139229621e-01
4.201000000000000000e+03 2.161120125785997437e-01
4.201183593750000000e+03 2.161153684622430793e-01
4.202000000000000000e+03 2.160530405598092563e-01
4.203000000000000000e+03 2.159748180545316421e-01
4.204000000000000000e+03 2.158984109016867103e-01
4.205000000000000000e+03 2.158219704050478305e-01
4.206000000000000000e+03 2.157436723260786060e-01
4.207000000000000000e+03 2.156671658039988893e-01
4.208000000000000000e+03 2.155906042218629082e-01
4.209000000000000000e+03 2.155122087850639134e-01
4.210000000000000000e+03 2.154356028565854453e-01
4.211000000000000000e+03 2.153569759904164771e-01
4.211186035156250000e+03 2.153426838272142485e-01
4.212000000000000000e+03 2.153152079750719206e-01
4.213000000000000000e+03 2.152814350148085920e-01
4.214000000000000000e+03 2.152458013960424632e-01
4.215000000000000000e+03 2.152119904129946582e-01
4.216000000000000000e+03 2.151781602538760663e-01
4.217000000000000000e+03 2.151424920420408615e-01
4.218000000000000000e+03 2.151086238385907234e-01
4.219000000000000000e+03 2.150729182107072035e-01
4.220000000000000000e+03 2.150389903092435606e-01
4.221000000000000000e+03 2.150049625985347435e-01
4.221188476562500000e+03 2.149982044624680899e-01
4.222000000000000000e+03 2.150503536732726317e-01
4.223000000000000000e+03 2.151164443023680095e-01
4.224000000000000000e+03 2.151807293799453125e-01
4.225000000000000000e+03 2.152468247737802098e-01
4.226000000000000000e+03 2.153111352179364613e-01
4.227000000000000000e+03 2.153772786991038912e-01
4.228000000000000000e+03 2.154434356629090497e-01
4.229000000000000000e+03 2.155077844413912369e-01
4.230000000000000000e+03 2.155739461538787316e-01
4.231000000000000000e+03 2.156299144736361084e-01
4.231191406250000000e+03 2.156409769488933648e-01
4.232000000000000000e+03 2.158171848381955082e-01
4.233000000000000000e+03 2.160333216328192418e-01
4.234000000000000000e+03 2.162513311602125565e-01
4.235000000000000000e+03 2.164675595719139922e-01
4.236000000000000000e+03 2.166856425423386023e-01
4.237000000000000000e+03 2.169037958277192646e-01
4.238000000000000000e+03 2.171201625675194258e-01
4.239000000000000000e+03 2.173384111153789100e-01
4.240000000000000000e+03 2.175548694958737983e-01
4.241000000000000000e+03 2.177730447816798587e-01
4.241193847656250000e+03 2.178149820309957241e-01
4.242000000000000000e+03 2.179923877401682142e-01
4.243000000000000000e+03 2.182143596384967799e-01
4.244000000000000000e+03 2.184345346156165990e-01
4.245000000000000000e+03 2.186566029306199754e-01
4.246000000000000000e+03 2.188768706386147178e-01
4.247000000000000000e+03 2.190990353807995838e-01
4.248000000000000000e+03 2.193193737640614094e-01
4.249000000000000000e+03 2.195416349219469210e-01
4.250000000000000000e+03 2.197620880969840540e-01
4.251000000000000000e+03 2.199843431549392270e-01
4.251196289062500000e+03 2.200276101707741294e-01
4.252000000000000000e+03 2.201463735503220998e-01
4.253000000000000000e+03 2.202960075944986051e-01
4.254000000000000000e+03 2.204438321417123980e-01
4.255000000000000000e+03 2.205935494057236768e-01
4.256000000000000000e+03 2.207414325619109774e-01
4.257000000000000000e+03 2.208912109053712269e-01
4.258000000000000000e+03 2.210391526760401848e-01
4.259000000000000000e+03 2.211889698557412964e-01
4.260000000000000000e+03 2.213369702317000698e-01
4.261000000000000000e+03 2.214867323984900938e-01
4.261199218750000000e+03 2.215161986569939012e-01
4.262000000000000000e+03 2.215819062203770173e-01
4.263000000000000000e+03 2.216658456828708990e-01
4.264000000000000000e+03 2.217479265147383471e-01
4.265000000000000000e+03 2.218300209399543255e-01
4.266000000000000000e+03 2.219139815728042309e-01
4.267000000000000000e+03 2.219961038561216460e-01
4.268000000000000000e+03 2.220801160249075978e-01
4.269000000000000000e+03 2.221622661767788942e-01
4.270000000000000000e+03 2.222463075717200365e-01
4.271000000000000000e+03 2.223283798999686756e-01
4.271201660156250000e+03 2.223453065578497312e-01
4.272000000000000000e+03 2.224048072042977275e-01
4.273000000000000000e+03 2.224774918292405090e-01
4.274000000000000000e+03 2.225501878541425449e-01
4.275000000000000000e+03 2.226247760128995945e-01
4.276000000000000000e+03 2.226974954373303339e-01
4.277000000000000000e+03 2.227720857895142959e-01
4.278000000000000000e+03 2.228448286082520546e-01
4.279000000000000000e+03 2.229175828290702877e-01
4.280000000000000000e+03 2.229922321789271078e-01
4.281000000000000000e+03 2.230648705017965749e-01
4.281204589843750000e+03 2.230801184977770080e-01
4.282000000000000000e+03 2.232199841080877989e-01
4.283000000000000000e+03 2.233939710520070898e-01
4.284000000000000000e+03 2.235679695181471416e-01
4.285000000000000000e+03 2.237439144198069274e-01
4.286000000000000000e+03 2.239180048181653448e-01
4.287000000000000000e+03 2.240940220992226617e-01
4.288000000000000000e+03 2.242681819708563784e-01
4.289000000000000000e+03 2.244423758537068270e-01
4.290000000000000000e+03 2.246184784031056980e-01
4.291000000000000000e+03 2.247925657638415453e-01
4.291207031250000000e+03 2.248290046555035393e-01
4.292000000000000000e+03 2.250036623895165788e-01
4.293000000000000000e+03 2.252220604871133514e-01
4.294000000000000000e+03 2.254405021611342042e-01
4.295000000000000000e+03 2.256608933454592458e-01
4.296000000000000000e+03 2.258794240064988801e-01
4.297000000000000000e+03 2.260979755156360960e-01
4.298000000000000000e+03 2.263185047412382689e-01
4.299000000000000000e+03 2.265371679596684951e-01
4.300000000000000000e+03 2.267558747643374784e-01
4.301000000000000000e+03 2.269764363072439006e-01
4.301209472656250000e+03 2.270222422578835053e-01
4.302000000000000000e+03 2.272055727706648043e-01
4.303000000000000000e+03 2.274375233658579853e-01
4.304000000000000000e+03 2.276714201019579553e-01
4.305000000000000000e+03 2.279034652422514406e-01
4.306000000000000000e+03 2.281355566976697724e-01
4.307000000000000000e+03 2.283696230198445642e-01
4.308000000000000000e+03 2.286018090546957093e-01
4.309000000000000000e+03 2.288340414097360664e-01
4.310000000000000000e+03 2.290682314427133492e-01
4.311000000000000000e+03 2.293004493877678629e-01
4.311212402343750000e+03 2.293497789600196790e-01
4.312000000000000000e+03 2.294375026195419331e-01
4.313000000000000000e+03 2.295508397725340433e-01
4.314000000000000000e+03 2.296622589765975886e-01
4.315000000000000000e+03 2.297736977025180982e-01
4.316000000000000000e+03 2.298851559508984788e-01
4.317000000000000000e+03 2.299985526955127257e-01
4.318000000000000000e+03 2.301100509046828946e-01
4.319000000000000000e+03 2.302215686382660109e-01
4.320000000000000000e+03 2.303350507658750157e-01
4.321000000000000000e+03 2.304466106229817735e-01
4.321214843750000000e+03 2.304705811094861501e-01
4.322000000000000000e+03 2.304882050605567279e-01
4.323000000000000000e+03 2.305106514331884682e-01
4.324000000000000000e+03 2.305350210499985952e-01
4.325000000000000000e+03 2.305574674755865305e-01
4.326000000000000000e+03 2.305799138420414895e-01
4.327000000000000000e+03 2.306043071440557202e-01
4.328000000000000000e+03 2.306267535651303768e-01
4.329000000000000000e+03 2.306491999268786841e-01
4.330000000000000000e+03 2.306716462292373315e-01
4.331000000000000000e+03 2.306959438873013857e-01
4.331217773437500000e+03 2.307008161943581437e-01
4.332000000000000000e+03 2.306973996868591503e-01
4.333000000000000000e+03 2.306930267349037167e-01
4.334000000000000000e+03 2.306886478553551167e-01
4.335000000000000000e+03 2.306862105699895305e-01
4.336000000000000000e+03 2.306818197809742399e-01
4.337000000000000000e+03 2.306773998800341063e-01
4.338000000000000000e+03 2.306729972345733515e-01
4.339000000000000000e+03 2.306685886601858859e-01
4.340000000000000000e+03 2.306661214106091873e-01
4.341000000000000000e+03 2.306616278536753883e-01
4.341220214843750000e+03 2.306606375095439365e-01
4.342000000000000000e+03 2.307040033799636347e-01
4.343000000000000000e+03 2.307596223611814434e-01
4.344000000000000000e+03 2.308171737784230626e-01
4.345000000000000000e+03 2.308728075770211385e-01
4.346000000000000000e+03 2.309284485607262793e-01
4.347000000000000000e+03 2.309840967297110137e-01
4.348000000000000000e+03 2.310397520841471763e-01
4.349000000000000000e+03 2.310973653377590975e-01
4.350000000000000000e+03 2.311530355170616224e-01
4.351000000000000000e+03 2.312085707114240885e-01
4.351222656250000000e+03 2.312209317652134666e-01
4.352000000000000000e+03 2.313158851504297231e-01
4.353000000000000000e+03 2.314380786311482363e-01
4.354000000000000000e+03 2.315602936698043512e-01
4.355000000000000000e+03 2.316844858211371261e-01
4.356000000000000000e+03 2.318067449929018531e-01
4.357000000000000000e+03 2.319290257245772424e-01
4.358000000000000000e+03 2.320513280167657844e-01
4.359000000000000000e+03 2.321736518700699969e-01
4.360000000000000000e+03 2.322959739442242155e-01
4.361000000000000000e+03 2.324201185087099164e-01
4.361225585937500000e+03 2.324476844397121711e-01
4.362000000000000000e+03 2.325248549641957541e-01
4.363000000000000000e+03 2.326245198348463328e-01
4.364000000000000000e+03 2.327242012296091567e-01
4.365000000000000000e+03 2.328238991488989496e-01
4.366000000000000000e+03 2.329236135931308238e-01
4.367000000000000000e+03 2.330252877896460406e-01
4.368000000000000000e+03 2.331250361004129357e-01
4.369000000000000000e+03 2.332248009374900954e-01
4.370000000000000000e+03 2.333245823012924658e-01
4.371000000000000000e+03 2.334242714640210326e-01
4.371228027343750000e+03 2.334470056201385091e-01
4.372000000000000000e+03 2.334523530938747149e-01
4.373000000000000000e+03 2.334592771066840156e-01
4.374000000000000000e+03 2.334661977197622917e-01
4.375000000000000000e+03 2.334750617629291480e-01
4.376000000000000000e+03 2.334819756173181216e-01
4.377000000000000000e+03 2.334888860714981196e-01
4.378000000000000000e+03 2.334957931253191787e-01
4.379000000000000000e+03 2.335026967786320296e-01
4.380000000000000000e+03 2.335095970312865699e-01
4.381000000000000000e+03 2.335164590775554994e-01
4.381230468750000000e+03 2.335180400822998714e-01
4.382000000000000000e+03 2.334388195776623265e-01
4.383000000000000000e+03 2.333358259615566366e-01
4.384000000000000000e+03 2.332328289710811353e-01
4.385000000000000000e+03 2.331317723610336068e-01
4.386000000000000000e+03 2.330287208318121694e-01
4.387000000000000000e+03 2.329256424749187315e-01
4.388000000000000000e+03 2.328225372895756651e-01
4.389000000000000000e+03 2.327194052750050646e-01
4.390000000000000000e+03 2.326162464304294408e-01
4.391000000000000000e+03 2.325129615917359560e-01
4.391233398437500000e+03 2.324888566731795614e-01
4.392000000000000000e+03 2.323651654512030595e-01
4.393000000000000000e+03 2.322037808362974465e-01
4.394000000000000000e+03 2.320423571206850499e-01
4.395000000000000000e+03 2.318808943032934777e-01
4.396000000000000000e+03 2.317193923830506985e-01
4.397000000000000000e+03 2.315578513588844589e-01
4.398000000000000000e+03 2.313962712297231439e-01
4.399000000000000000e+03 2.312346519944948053e-01
4.400000000000000000e+03 2.310729704427537390e-01
4.401000000000000000e+03 2.309112751595597812e-01
4.401235839843750000e+03 2.308735946574068110e-01
4.402000000000000000e+03 2.308370344828654108e-01
4.403000000000000000e+03 2.307872294612511310e-01
4.404000000000000000e+03 2.307374090910515874e-01
4.405000000000000000e+03 2.306875733718126154e-01
4.406000000000000000e+03 2.306377223030801338e-01
4.407000000000000000e+03 2.305878327253148286e-01
4.408000000000000000e+03 2.305379509614384204e-01
4.409000000000000000e+03 2.304880538467078410e-01
4.410000000000000000e+03 2.304381413806692036e-01
4.411000000000000000e+03 2.303882135628687600e-01
4.411238769531250000e+03 2.303762900507907718e-01
4.412000000000000000e+03 2.304073125954829160e-01
4.413000000000000000e+03 2.304480691730782793e-01
4.414000000000000000e+03 2.304888296352107513e-01
4.415000000000000000e+03 2.305295939819260176e-01
4.416000000000000000e+03 2.305703390576976652e-01
4.417000000000000000e+03 2.306111111698167238e-01
4.418000000000000000e+03 2.306518871666557169e-01
4.419000000000000000e+03 2.306926670482605246e-01
4.420000000000000000e+03 2.307334508146767216e-01
4.421000000000000000e+03 2.307741288393221624e-01
4.421241210937500000e+03 2.307839413996346234e-01
4.422000000000000000e+03 2.309390682255320348e-01
4.423000000000000000e+03 2.311435419754807874e-01
4.424000000000000000e+03 2.313480541199172125e-01
4.425000000000000000e+03 2.315525814072798838e-01
4.426000000000000000e+03 2.317552154076639170e-01
4.427000000000000000e+03 2.319598410109984521e-01
4.428000000000000000e+03 2.321645050120904330e-01
4.429000000000000000e+03 2.323692074118313411e-01
4.430000000000000000e+03 2.325739482111127965e-01
4.431000000000000000e+03 2.327875373845655349e-01
4.431244140625000000e+03 2.328396913851506489e-01
4.432000000000000000e+03 2.330783780884735368e-01
4.433000000000000000e+03 2.333942331114598201e-01
4.434000000000000000e+03 2.337101714421594423e-01
4.435000000000000000e+03 2.340261695902615402e-01
4.436000000000000000e+03 2.343422745311199429e-01
4.437000000000000000e+03 2.346584628059588395e-01
4.438000000000000000e+03 2.349747344235373070e-01
4.439000000000000000e+03 2.352910893926143665e-01
4.440000000000000000e+03 2.356075277219494835e-01
4.441000000000000000e+03 2.359239395496965930e-01
4.441246582031250000e+03 2.360019737898348402e-01
4.442000000000000000e+03 2.362073918165367714e-01
4.443000000000000000e+03 2.364781073733320804e-01
4.444000000000000000e+03 2.367508857168653114e-01
4.445000000000000000e+03 2.370237108542537219e-01
4.446000000000000000e+03 2.372966303621182049e-01
4.447000000000000000e+03 2.375696204767137054e-01
4.448000000000000000e+03 2.378426812053551498e-01
4.449000000000000000e+03 2.381158125553572702e-01
4.450000000000000000e+03 2.383890145340351874e-01
4.451000000000000000e+03 2.386622493597015948e-01
4.451249023437500000e+03 2.387303022078167136e-01
4.452000000000000000e+03 2.389195148801144808e-01
4.453000000000000000e+03 2.391695097969725736e-01
4.454000000000000000e+03 2.394215600870384375e-01
4.455000000000000000e+03 2.396736988830434900e-01
4.456000000000000000e+03 2.399259021793410662e-01
4.457000000000000000e+03 2.401781699825696337e-01
4.458000000000000000e+03 2.404305022993676599e-01
4.459000000000000000e+03 2.406828991363737791e-01
4.460000000000000000e+03 2.409353605002267640e-01
4.461000000000000000e+03 2.411857783510058528e-01
4.461251953125000000e+03 2.412493939848054936e-01
4.462000000000000000e+03 2.413453029231623914e-01
4.463000000000000000e+03 2.414735408178485254e-01
4.464000000000000000e+03 2.416017835486856946e-01
4.465000000000000000e+03 2.417300796147433539e-01
4.466000000000000000e+03 2.418584047771166479e-01
4.467000000000000000e+03 2.419867590386679812e-01
4.468000000000000000e+03 2.421131007690605630e-01
4.469000000000000000e+03 2.422415121719469766e-01
4.470000000000000000e+03 2.423699526823748229e-01
4.471000000000000000e+03 2.424984200446503591e-01
4.471254394531250000e+03 2.425311060837464228e-01
4.472000000000000000e+03 2.425738978975637561e-01
4.473000000000000000e+03 2.426312977294343975e-01
4.474000000000000000e+03 2.426866601136919710e-01
4.475000000000000000e+03 2.427440529839004768e-01
4.476000000000000000e+03 2.428014791531075134e-01
4.477000000000000000e+03 2.428589142603443385e-01
4.478000000000000000e+03 2.429163583063500553e-01
4.479000000000000000e+03 2.429717625732246145e-01
4.480000000000000000e+03 2.430292240317552255e-01
4.481000000000000000e+03 2.430867714075722053e-01
4.481257324218750000e+03 2.431015811934194859e-01
4.482000000000000000e+03 2.431440685082728592e-01
4.483000000000000000e+03 2.432012846745190138e-01
4.484000000000000000e+03 2.432564586709380361e-01
4.485000000000000000e+03 2.433136921329883406e-01
4.486000000000000000e+03 2.433709100482765175e-01
4.487000000000000000e+03 2.434281612686805818e-01
4.488000000000000000e+03 2.434854213721372451e-01
4.489000000000000000e+03 2.435406369823457373e-01
4.490000000000000000e+03 2.435979143885108889e-01
4.491000000000000000e+03 2.436551621022338132e-01
4.491259765625000000e+03 2.436700345413220781e-01
4.492000000000000000e+03 2.437257706278949665e-01
4.493000000000000000e+03 2.437990224816892482e-01
4.494000000000000000e+03 2.438743432082150220e-01
4.495000000000000000e+03 2.439496779227565693e-01
4.496000000000000000e+03 2.440250021342413866e-01
4.497000000000000000e+03 2.441003648212768939e-01
4.498000000000000000e+03 2.441736829069652004e-01
4.499000000000000000e+03 2.442490729607014188e-01
4.500000000000000000e+03 2.443244770087116824e-01
4.501000000000000000e+03 2.443847371089965248e-01
4.501262207031250000e+03 2.443999986951606584e-01
4.502000000000000000e+03 2.444637267984801632e-01
4.503000000000000000e+03 2.445521742757918726e-01
4.504000000000000000e+03 2.446406336694332551e-01
4.505000000000000000e+03 2.447270418087020005e-01
4.506000000000000000e+03 2.448155243088421251e-01
4.507000000000000000e+03 2.449040187276154412e-01
4.508000000000000000e+03 2.449925004782309013e-01
4.509000000000000000e+03 2.450789526417492536e-01
4.510000000000000000e+03 2.451674820836237667e-01
4.511000000000000000e+03 2.452559069566385974e-01
4.511265136718750000e+03 2.452793536228402294e-01
4.512000000000000000e+03 2.452663599350402568e-01
4.513000000000000000e+03 2.452466063959224118e-01
4.514000000000000000e+03 2.452289154947467631e-01
4.515000000000000000e+03 2.452112196172762104e-01
4.516000000000000000e+03 2.451914518156039224e-01
4.517000000000000000e+03 2.451737461510407334e-01
4.518000000000000000e+03 2.451560355090388332e-01
4.519000000000000000e+03 2.451362534418494443e-01
4.520000000000000000e+03 2.451185330105840887e-01
4.521000000000000000e+03 2.451007441987481661e-01
4.521267578125000000e+03 2.450959900404740544e-01
4.522000000000000000e+03 2.449778036983764340e-01
4.523000000000000000e+03 2.448143522927489768e-01
4.524000000000000000e+03 2.446529382713108769e-01
4.525000000000000000e+03 2.444914965724525879e-01
4.526000000000000000e+03 2.443279676471310780e-01
4.527000000000000000e+03 2.441664719661875704e-01
4.528000000000000000e+03 2.440049486021220737e-01
4.529000000000000000e+03 2.438413421425220107e-01
4.530000000000000000e+03 2.436797647855975524e-01
4.531000000000000000e+03 2.435181597398488884e-01
4.531270507812500000e+03 2.434738843967491628e-01
4.532000000000000000e+03 2.432582155301042659e-01
4.533000000000000000e+03 2.429645833659707654e-01
4.534000000000000000e+03 2.426708783016397752e-01
4.535000000000000000e+03 2.423751060827395998e-01
4.536000000000000000e+03 2.420813307835665285e-01
4.537000000000000000e+03 2.417854689300124593e-01
4.538000000000000000e+03 2.414915990032093229e-01
4.539000000000000000e+03 2.411976805107425847e-01
4.540000000000000000e+03 2.409016829376088020e-01
4.541000000000000000e+03 2.406076720396275459e-01
4.541272949218750000e+03 2.405274135551106474e-01
4.542000000000000000e+03 2.403230459152473353e-01
4.543000000000000000e+03 2.400398912306570265e-01
4.544000000000000000e+03 2.397587156089324156e-01
4.545000000000000000e+03 2.394774934465720151e-01
4.546000000000000000e+03 2.391942086886398589e-01
4.547000000000000000e+03 2.389128958231887534e-01
4.548000000000000000e+03 2.386295251323522215e-01
4.549000000000000000e+03 2.383480976367808868e-01
4.550000000000000000e+03 2.380666475286331019e-01
4.551000000000000000e+03 2.377831068920469026e-01
4.551275390625000000e+03 2.377055668691401003e-01
4.552000000000000000e+03 2.375705266865312804e-01
4.553000000000000000e+03 2.373821361128629071e-01
4.554000000000000000e+03 2.371957163737093144e-01
4.555000000000000000e+03 2.370092651677255524e-01
4.556000000000000000e+03 2.368207865461937622e-01
4.557000000000000000e+03 2.366342739886426738e-01
4.558000000000000000e+03 2.364457371890864301e-01
4.559000000000000000e+03 2.362591632720416612e-01
4.560000000000000000e+03 2.360705682874883193e-01
4.561000000000000000e+03 2.358838978543023046e-01
4.561278320312500000e+03 2.358319315052387344e-01
4.562000000000000000e+03 2.356914190439063916e-01
4.563000000000000000e+03 2.354947278913634978e-01
4.564000000000000000e+03 2.352999904161543754e-01
4.565000000000000000e+03 2.351032388671063789e-01
4.566000000000000000e+03 2.349084376754576042e-01
4.567000000000000000e+03 2.347116257227143399e-01
4.568000000000000000e+03 2.345167608064453735e-01
4.569000000000000000e+03 2.343218631952185549e-01
4.570000000000000000e+03 2.341249597937462290e-01
4.571000000000000000e+03 2.339299243731533806e-01
4.571280761718750000e+03 2.338746066640410015e-01
4.572000000000000000e+03 2.335557128452936393e-01
4.573000000000000000e+03 2.331142454989059143e-01
4.574000000000000000e+03 2.326707461914649666e-01
4.575000000000000000e+03 2.322291402652142123e-01
4.576000000000000000e+03 2.317855098453512619e-01
4.577000000000000000e+03 2.313437653218260448e-01
4.578000000000000000e+03 2.309000037742768574e-01
4.579000000000000000e+03 2.304580975157229650e-01
4.580000000000000000e+03 2.300142048697555730e-01
4.581000000000000000e+03 2.295722194902329594e-01
4.581283691406250000e+03 2.294468190477556013e-01
4.582000000000000000e+03 2.288729536617431226e-01
4.583000000000000000e+03 2.280697794814313950e-01
4.584000000000000000e+03 2.272684063528812581e-01
4.585000000000000000e+03 2.264649971392722339e-01
4.586000000000000000e+03 2.256633754231308076e-01
4.587000000000000000e+03 2.248597311488050032e-01
4.588000000000000000e+03 2.240578608138046046e-01
4.589000000000000000e+03 2.232539814513416487e-01
4.590000000000000000e+03 2.224518624662137345e-01
4.591000000000000000e+03 2.216477830798246895e-01
4.591286132812500000e+03 2.214182224026360613e-01
4.592000000000000000e+03 2.208031958035213127e-01
4.593000000000000000e+03 2.199396827422787359e-01
4.594000000000000000e+03 2.190778930129458346e-01
4.595000000000000000e+03 2.182141271676224792e-01
4.596000000000000000e+03 2.173502385589627661e-01
4.597000000000000000e+03 2.164880297059466330e-01
4.598000000000000000e+03 2.156238883564584874e-01
4.599000000000000000e+03 2.147614339015524731e-01
4.600000000000000000e+03 2.138970396949263497e-01
4.601000000000000000e+03 2.130342840726158760e-01
4.601288574218750000e+03 2.127847721371757261e-01
4.602000000000000000e+03 2.124947862686833444e-01
4.603000000000000000e+03 2.120889109993610022e-01
4.604000000000000000e+03 2.116811865689481043e-01
4.605000000000000000e+03 2.112751837939137456e-01
4.606000000000000000e+03 2.108673387219598128e-01
4.607000000000000000e+03 2.104612084251216986e-01
4.608000000000000000e+03 2.100532426975103284e-01
4.609000000000000000e+03 2.096452183558182025e-01
4.610000000000000000e+03 2.092388984653903994e-01
4.611000000000000000e+03 2.088307203849867899e-01
4.611291503906250000e+03 2.087122365157439152e-01
4.612000000000000000e+03 2.090472005954754908e-01
4.613000000000000000e+03 2.095182786276661713e-01
4.614000000000000000e+03 2.099911902236700489e-01
4.615000000000000000e+03 2.104624006022335625e-01
4.616000000000000000e+03 2.109336751741941185e-01
4.617000000000000000e+03 2.114067740272337903e-01
4.618000000000000000e+03 2.118781809204643707e-01
4.619000000000000000e+03 2.123514412522245765e-01
4.620000000000000000e+03 2.128229805291479704e-01
4.621000000000000000e+03 2.132962818765168356e-01
4.621293945312500000e+03 2.134348916121793782e-01
4.622000000000000000e+03 2.141060779223238342e-01
4.623000000000000000e+03 2.150568041297542810e-01
4.624000000000000000e+03 2.160094805156721476e-01
4.625000000000000000e+03 2.169604750469862342e-01
4.626000000000000000e+03 2.179134357974628067e-01
4.627000000000000000e+03 2.188646986829189123e-01
4.628000000000000000e+03 2.198160917487615718e-01
4.629000000000000000e+03 2.207694751024573687e-01
4.630000000000000000e+03 2.217211365667338674e-01
4.631000000000000000e+03 2.226680108076913023e-01
4.631296875000000000e+03 2.229496888114821662e-01
4.632000000000000000e+03 2.224908991801473335e-01
4.633000000000000000e+03 2.218364666707242083e-01
4.634000000000000000e+03 2.211838352063650870e-01
4.635000000000000000e+03 2.205292721486754037e-01
4.636000000000000000e+03 2.198746465710410269e-01
4.637000000000000000e+03 2.192217834977232271e-01
4.638000000000000000e+03 2.185670274238208088e-01
4.639000000000000000e+03 2.179122088239330568e-01
4.640000000000000000e+03 2.172591581594129906e-01
4.641000000000000000e+03 2.166042089839229634e-01
4.641299316406250000e+03 2.164081597909590093e-01
4.642000000000000000e+03 2.135270158691233988e-01
4.643000000000000000e+03 2.094165455006788412e-01
4.644000000000000000e+03 2.053038875688835974e-01
4.645000000000000000e+03 2.011925361505968735e-01
4.646000000000000000e+03 1.970790664394243552e-01
4.647000000000000000e+03 1.929652081464345026e-01
4.648000000000000000e+03 1.888525523504053782e-01
4.649000000000000000e+03 1.847378821933790827e-01
4.650000000000000000e+03 1.806228234171175506e-01
4.651000000000000000e+03 1.765088893935630177e-01
4.651301757812500000e+03 1.752669418872304097e-01
4.652000000000000000e+03 1.706945110265778998e-01
4.653000000000000000e+03 1.641454962223682923e-01
4.654000000000000000e+03 1.575971891939431380e-01
4.655000000000000000e+03 1.510468792569911456e-01
4.656000000000000000e+03 1.444959493137346895e-01
4.657000000000000000e+03 1.379443993458051576e-01
4.658000000000000000e+03 1.313933363008665256e-01
4.659000000000000000e+03 1.248404910219030883e-01
4.660000000000000000e+03 1.182870256579387214e-01
4.661000000000000000e+03 1.117338992114434992e-01
4.661304687500000000e+03 1.097368161929425795e-01
4.662000000000000000e+03 1.058995949509053819e-01
4.663000000000000000e+03 1.003804506265100899e-01
4.664000000000000000e+03 9.486157202450469506e-02
4.665000000000000000e+03 8.934133384686195056e-02
4.666000000000000000e+03 8.382057169097309468e-02
4.667000000000000000e+03 7.829928554112360051e-02
4.668000000000000000e+03 7.277808850891706594e-02
4.669000000000000000e+03 6.725570780007765481e-02
4.670000000000000000e+03 6.173280304572169308e-02
4.671000000000000000e+03 5.620983939650643635e-02
4.671307128906250000e+03 5.451331301467248619e-02
4.672000000000000000e+03 5.237843457847651818e-02
4.673000000000000000e+03 4.929698204021187163e-02
4.674000000000000000e+03 4.621523799741027172e-02
4.675000000000000000e+03 4.313356581896373582e-02
4.676000000000000000e+03 4.005121277398205476e-02
4.677000000000000000e+03 3.696856819609933842e-02
4.678000000000000000e+03 3.388563207667993210e-02
4.679000000000000000e+03 3.080266390108941585e-02
4.680000000000000000e+03 2.771911869566805880e-02
4.681000000000000000e+03 2.463528169091300235e-02
4.681310058593750000e+03 2.367905231907417932e-02
4.682000000000000000e+03 2.275322427387100124e-02
4.683000000000000000e+03 2.141140370558192174e-02
4.684000000000000000e+03 2.006926456119982952e-02
4.685000000000000000e+03 1.872699851926117043e-02
4.686000000000000000e+03 1.738460557601083367e-02
4.687000000000000000e+03 1.604222087152280818e-02
4.688000000000000000e+03 1.469956280348436346e-02
4.689000000000000000e+03 1.335677782180027737e-02
4.690000000000000000e+03 1.201386592271572011e-02
4.691000000000000000e+03 1.067082382292030597e-02
4.691312500000000000e+03 1.025112429354187345e-02
4.692000000000000000e+03 9.862176303072388642e-03
4.693000000000000000e+03 9.296302574313753883e-03
4.694000000000000000e+03 8.730375701350025219e-03
4.695000000000000000e+03 8.164395682648442620e-03
4.696000000000000000e+03 7.598362516676235648e-03
4.697000000000000000e+03 7.032335443120121994e-03
4.698000000000000000e+03 6.466191208743104005e-03
4.699000000000000000e+03 5.899993822049706162e-03
4.700000000000000000e+03 5.333743281507308948e-03
4.701000000000000000e+03 4.767438830769340184e-03
4.701315429687500000e+03 4.588810652311441432e-03
4.702000000000000000e+03 4.420965627694101348e-03
4.703000000000000000e+03 4.175725071155587421e-03
4.704000000000000000e+03 3.930461566368627889e-03
4.705000000000000000e+03 3.685175112680432862e-03
4.706000000000000000e+03 3.439865709438231969e-03
4.707000000000000000e+03 3.194560266889314402e-03
4.708000000000000000e+03 2.949202895696172340e-03
4.709000000000000000e+03 2.703822572797469001e-03
4.710000000000000000e+03 2.458419297540493428e-03
4.711000000000000000e+03 2.212993069272555045e-03
4.711317871093750000e+03 2.134974357893679522e-03
4.712000000000000000e+03 2.063127838953763768e-03
4.713000000000000000e+03 1.957809149375782168e-03
4.714000000000000000e+03 1.852463225462346649e-03
4.715000000000000000e+03 1.747107446673292234e-03
4.716000000000000000e+03 1.641741812728407090e-03
4.717000000000000000e+03 1.536366323347475044e-03
4.718000000000000000e+03 1.430980978250299442e-03
4.719000000000000000e+03 1.325596943765809926e-03
4.720000000000000000e+03 1.220190998473332780e-03
4.721000000000000000e+03 1.114775549544426382e-03
4.721320312500000000e+03 1.081007565147045629e-03
4.722000000000000000e+03 1.047025261861875538e-03
4.723000000000000000e+03 9.970243556752648485e-04
4.724000000000000000e+03 9.470187410771947192e-04
4.725000000000000000e+03 8.970084179302071801e-04
4.726000000000000000e+03 8.469933860968494651e-04
4.727000000000000000e+03 7.969803590136778117e-04
4.728000000000000000e+03 7.469554879975503483e-04
4.729000000000000000e+03 6.969259078430412339e-04
4.730000000000000000e+03 6.468916184127086527e-04
4.731000000000000000e+03 5.968526195691142584e-04
4.731323242187500000e+03 5.806768969265889034e-04
4.732000000000000000e+03 5.634512444991898522e-04
4.733000000000000000e+03 5.379960346977090109e-04
4.734000000000000000e+03 5.125384284225324672e-04
4.735000000000000000e+03 4.870784256037228384e-04
4.736000000000000000e+03 4.616199147155463896e-04
4.737000000000000000e+03 4.361549040902441962e-04
4.738000000000000000e+03 4.106874966913154302e-04
4.739000000000000000e+03 3.852176924488276964e-04
4.740000000000000000e+03 3.597454912928512013e-04
4.741000000000000000e+03 3.342709429655909832e-04
4.741325683593750000e+03 3.259737814135464087e-04
4.742000000000000000e+03 3.161930190622637437e-04
4.743000000000000000e+03 3.016871648621500005e-04
4.744000000000000000e+03 2.871799410785965431e-04
4.745000000000000000e+03 2.726713476711586730e-04
4.746000000000000000e+03 2.581613845993927219e-04
4.747000000000000000e+03 2.436521042559643396e-04
4.748000000000000000e+03 2.291392794836710994e-04
4.749000000000000000e+03 2.146250849141850305e-04
4.750000000000000000e+03 2.001095205070656084e-04
4.751000000000000000e+03 1.855925585652902336e-04
4.751328613281250000e+03 1.808217939611507670e-04
4.752000000000000000e+03 1.760400202104198467e-04
4.753000000000000000e+03 1.689172254381332582e-04
4.754000000000000000e+03 1.617937603979005437e-04
4.755000000000000000e+03 1.546696250701745678e-04
4.756000000000000000e+03 1.475448194354086562e-04
4.757000000000000000e+03 1.404193434740563513e-04
4.758000000000000000e+03 1.332931971665720901e-04
4.759000000000000000e+03 1.261663804934103094e-04
4.760000000000000000e+03 1.190388934350262594e-04
4.761000000000000000e+03 1.119107349295778245e-04
4.761331054687500000e+03 1.095507769614514275e-04
4.762000000000000000e+03 1.064256359154324252e-04
4.763000000000000000e+03 1.017535255509230792e-04
4.764000000000000000e+03 9.708097577244571212e-05
4.765000000000000000e+03 9.240798656720042271e-05
4.766000000000000000e+03 8.773455792238787909e-05
4.767000000000000000e+03 8.306068982520895265e-05
4.768000000000000000e+03 7.838638226286465029e-05
4.769000000000000000e+03 7.371163522255654813e-05
4.770000000000000000e+03 6.903644869148643911e-05
4.771000000000000000e+03 6.436082325629343185e-05
4.771333984375000000e+03 6.279913948996883061e-05
4.772000000000000000e+03 6.126257992801005710e-05
4.773000000000000000e+03 5.895530679578474097e-05
4.774000000000000000e+03 5.664781664988840089e-05
4.775000000000000000e+03 5.434010948399668907e-05
4.776000000000000000e+03 5.203218529178542715e-05
4.777000000000000000e+03 4.972404406693060614e-05
4.778000000000000000e+03 4.741568580310833906e-05
4.779000000000000000e+03 4.510711049399492863e-05
4.780000000000000000e+03 4.279831813326675892e-05
4.781000000000000000e+03 4.048930871460041726e-05
4.781336425781250000e+03 3.971244962040266537e-05
4.782000000000000000e+03 3.871094575666716146e-05
4.783000000000000000e+03 3.720157096814309802e-05
4.784000000000000000e+03 3.569205425728134241e-05
4.785000000000000000e+03 3.418239561994754037e-05
4.786000000000000000e+03 3.267259505200739863e-05
4.787000000000000000e+03 3.116265254932672554e-05
4.788000000000000000e+03 2.965256810777140741e-05
4.789000000000000000e+03 2.814234172320749993e-05
4.790000000000000000e+03 2.663197339150104526e-05
4.791000000000000000e+03 2.512145913092880099e-05
4.791338867187500000e+03 2.460956331803763701e-05
